5.916000000000000425e-02
6.374000000000000499e-02
6.832000000000000572e-02
6.374000000000000499e-02
6.603000000000000536e-02
6.603000000000000536e-02
5.458000000000000351e-02
6.374000000000000499e-02
6.603000000000000536e-02
5.229000000000000314e-02
4.542000000000000204e-02
4.313000000000000167e-02
5.229000000000000314e-02
5.229000000000000314e-02
5.000000000000000278e-02
3.855000000000000093e-02
4.771000000000000241e-02
4.542000000000000204e-02
3.855000000000000093e-02
6.603000000000000536e-02
5.229000000000000314e-02
3.855000000000000093e-02
4.084000000000000130e-02
4.313000000000000167e-02
3.626000000000000056e-02
3.626000000000000056e-02
3.855000000000000093e-02
5.000000000000000278e-02
5.916000000000000425e-02
6.603000000000000536e-02
5.916000000000000425e-02
5.458000000000000351e-02
5.229000000000000314e-02
6.145000000000000462e-02
5.229000000000000314e-02
5.916000000000000425e-02
5.229000000000000314e-02
5.229000000000000314e-02
6.603000000000000536e-02
7.061000000000000609e-02
6.145000000000000462e-02
5.916000000000000425e-02
5.916000000000000425e-02
5.916000000000000425e-02
4.084000000000000130e-02
4.542000000000000204e-02
5.229000000000000314e-02
6.145000000000000462e-02
6.603000000000000536e-02
6.832000000000000572e-02
5.000000000000000278e-02
4.084000000000000130e-02
3.626000000000000056e-02
5.000000000000000278e-02
7.061000000000000609e-02
7.290000000000000646e-02
7.061000000000000609e-02
5.000000000000000278e-02
5.000000000000000278e-02
3.626000000000000056e-02
2.023000000000000145e-02
1.794000000000000455e-02
3.855000000000000093e-02
5.687000000000000388e-02
6.603000000000000536e-02
7.061000000000000609e-02
6.603000000000000536e-02
6.145000000000000462e-02
4.313000000000000167e-02
5.458000000000000351e-02
4.542000000000000204e-02
3.855000000000000093e-02
6.603000000000000536e-02
6.832000000000000572e-02
7.519000000000000683e-02
8.205999999999999406e-02
6.145000000000000462e-02
6.374000000000000499e-02
6.832000000000000572e-02
8.435000000000000830e-02
8.435000000000000830e-02
6.603000000000000536e-02
5.916000000000000425e-02
5.000000000000000278e-02
5.916000000000000425e-02
5.916000000000000425e-02
5.687000000000000388e-02
6.374000000000000499e-02
6.374000000000000499e-02
5.000000000000000278e-02
6.832000000000000572e-02
7.748000000000000720e-02
6.145000000000000462e-02
3.855000000000000093e-02
4.084000000000000130e-02
6.374000000000000499e-02
6.145000000000000462e-02
6.374000000000000499e-02
7.290000000000000646e-02
5.916000000000000425e-02
5.687000000000000388e-02
4.771000000000000241e-02
4.542000000000000204e-02
5.229000000000000314e-02
5.916000000000000425e-02
6.374000000000000499e-02
7.290000000000000646e-02
5.916000000000000425e-02
7.290000000000000646e-02
7.519000000000000683e-02
7.519000000000000683e-02
5.916000000000000425e-02
6.374000000000000499e-02
4.084000000000000130e-02
3.626000000000000056e-02
4.771000000000000241e-02
5.229000000000000314e-02
5.687000000000000388e-02
3.626000000000000056e-02
2.252000000000000182e-02
4.542000000000000204e-02
6.145000000000000462e-02
5.916000000000000425e-02
3.855000000000000093e-02
3.626000000000000056e-02
4.542000000000000204e-02
7.519000000000000683e-02
7.290000000000000646e-02
6.145000000000000462e-02
6.145000000000000462e-02
5.458000000000000351e-02
5.458000000000000351e-02
5.229000000000000314e-02
5.458000000000000351e-02
6.374000000000000499e-02
6.374000000000000499e-02
5.916000000000000425e-02
7.519000000000000683e-02
7.977000000000000757e-02
7.748000000000000720e-02
5.000000000000000278e-02
4.084000000000000130e-02
5.916000000000000425e-02
5.229000000000000314e-02
2.710000000000000256e-02
2.710000000000000256e-02
2.481000000000000219e-02
3.626000000000000056e-02
1.794000000000000455e-02
1.336000000000000382e-02
3.626000000000000056e-02
6.374000000000000499e-02
6.603000000000000536e-02
6.145000000000000462e-02
6.374000000000000499e-02
5.916000000000000425e-02
6.832000000000000572e-02
6.145000000000000462e-02
7.519000000000000683e-02
8.205999999999999406e-02
7.290000000000000646e-02
6.832000000000000572e-02
5.229000000000000314e-02
4.771000000000000241e-02
4.542000000000000204e-02
5.458000000000000351e-02
5.687000000000000388e-02
4.313000000000000167e-02
2.252000000000000182e-02
2.710000000000000256e-02
1.565000000000000419e-02
1.794000000000000455e-02
2.252000000000000182e-02
3.397000000000000020e-02
4.542000000000000204e-02
4.542000000000000204e-02
4.084000000000000130e-02
3.167999999999999983e-02
3.167999999999999983e-02
4.771000000000000241e-02
6.603000000000000536e-02
6.603000000000000536e-02
6.832000000000000572e-02
6.832000000000000572e-02
6.603000000000000536e-02
7.061000000000000609e-02
5.458000000000000351e-02
5.916000000000000425e-02
6.832000000000000572e-02
4.771000000000000241e-02
4.771000000000000241e-02
4.771000000000000241e-02
3.855000000000000093e-02
5.687000000000000388e-02
3.855000000000000093e-02
2.939000000000000293e-02
3.855000000000000093e-02
4.542000000000000204e-02
5.000000000000000278e-02
5.458000000000000351e-02
4.771000000000000241e-02
4.084000000000000130e-02
5.458000000000000351e-02
5.000000000000000278e-02
4.771000000000000241e-02
5.229000000000000314e-02
5.687000000000000388e-02
4.542000000000000204e-02
5.458000000000000351e-02
7.519000000000000683e-02
9.351000000000000978e-02
7.977000000000000757e-02
6.374000000000000499e-02
5.916000000000000425e-02
5.000000000000000278e-02
4.771000000000000241e-02
3.397000000000000020e-02
2.939000000000000293e-02
3.626000000000000056e-02
3.626000000000000056e-02
2.939000000000000293e-02
3.397000000000000020e-02
4.313000000000000167e-02
5.458000000000000351e-02
4.771000000000000241e-02
4.771000000000000241e-02
3.855000000000000093e-02
6.145000000000000462e-02
7.519000000000000683e-02
8.205999999999999406e-02
7.061000000000000609e-02
4.771000000000000241e-02
3.855000000000000093e-02
4.084000000000000130e-02
5.000000000000000278e-02
4.542000000000000204e-02
4.313000000000000167e-02
3.855000000000000093e-02
2.939000000000000293e-02
2.481000000000000219e-02
2.710000000000000256e-02
3.855000000000000093e-02
6.374000000000000499e-02
5.229000000000000314e-02
4.542000000000000204e-02
4.313000000000000167e-02
4.542000000000000204e-02
3.167999999999999983e-02
3.626000000000000056e-02
3.855000000000000093e-02
4.771000000000000241e-02
4.313000000000000167e-02
4.542000000000000204e-02
5.229000000000000314e-02
3.855000000000000093e-02
4.771000000000000241e-02
7.061000000000000609e-02
6.374000000000000499e-02
5.229000000000000314e-02
5.687000000000000388e-02
6.145000000000000462e-02
7.290000000000000646e-02
6.374000000000000499e-02
8.205999999999999406e-02
6.603000000000000536e-02
6.374000000000000499e-02
3.855000000000000093e-02
4.084000000000000130e-02
3.855000000000000093e-02
2.939000000000000293e-02
4.084000000000000130e-02
3.855000000000000093e-02
4.542000000000000204e-02
5.000000000000000278e-02
4.771000000000000241e-02
2.252000000000000182e-02
2.481000000000000219e-02
2.023000000000000145e-02
3.855000000000000093e-02
4.084000000000000130e-02
4.084000000000000130e-02
3.855000000000000093e-02
5.229000000000000314e-02
4.084000000000000130e-02
5.000000000000000278e-02
4.771000000000000241e-02
4.084000000000000130e-02
4.313000000000000167e-02
4.542000000000000204e-02
4.771000000000000241e-02
5.687000000000000388e-02
5.687000000000000388e-02
5.229000000000000314e-02
5.229000000000000314e-02
4.542000000000000204e-02
4.771000000000000241e-02
5.458000000000000351e-02
6.145000000000000462e-02
5.687000000000000388e-02
4.542000000000000204e-02
3.167999999999999983e-02
2.252000000000000182e-02
1.565000000000000419e-02
2.939000000000000293e-02
3.397000000000000020e-02
3.167999999999999983e-02
3.855000000000000093e-02
4.542000000000000204e-02
3.855000000000000093e-02
5.000000000000000278e-02
7.519000000000000683e-02
8.435000000000000830e-02
7.748000000000000720e-02
6.145000000000000462e-02
6.374000000000000499e-02
6.603000000000000536e-02
7.290000000000000646e-02
7.748000000000000720e-02
8.663999999999999480e-02
7.977000000000000757e-02
6.832000000000000572e-02
6.374000000000000499e-02
3.626000000000000056e-02
4.313000000000000167e-02
3.167999999999999983e-02
2.252000000000000182e-02
2.481000000000000219e-02
2.252000000000000182e-02
8.780000000000003080e-03
2.481000000000000219e-02
4.084000000000000130e-02
2.481000000000000219e-02
3.626000000000000056e-02
5.000000000000000278e-02
6.145000000000000462e-02
7.061000000000000609e-02
6.374000000000000499e-02
5.000000000000000278e-02
3.397000000000000020e-02
3.855000000000000093e-02
4.084000000000000130e-02
4.084000000000000130e-02
4.084000000000000130e-02
4.771000000000000241e-02
6.603000000000000536e-02
5.916000000000000425e-02
5.458000000000000351e-02
4.542000000000000204e-02
3.855000000000000093e-02
6.145000000000000462e-02
5.000000000000000278e-02
4.771000000000000241e-02
3.855000000000000093e-02
3.855000000000000093e-02
1.565000000000000419e-02
6.490000000000002711e-03
1.794000000000000455e-02
4.084000000000000130e-02
4.313000000000000167e-02
5.229000000000000314e-02
5.229000000000000314e-02
8.205999999999999406e-02
7.519000000000000683e-02
5.687000000000000388e-02
5.000000000000000278e-02
6.832000000000000572e-02
7.519000000000000683e-02
7.977000000000000757e-02
7.061000000000000609e-02
8.663999999999999480e-02
7.748000000000000720e-02
7.519000000000000683e-02
8.435000000000000830e-02
7.977000000000000757e-02
8.205999999999999406e-02
8.435000000000000830e-02
8.435000000000000830e-02
6.832000000000000572e-02
5.916000000000000425e-02
6.832000000000000572e-02
7.290000000000000646e-02
7.519000000000000683e-02
7.290000000000000646e-02
5.687000000000000388e-02
4.771000000000000241e-02
6.603000000000000536e-02
8.893000000000000904e-02
1.026700000000000113e-01
1.141199999999999992e-01
1.164099999999999996e-01
1.049599999999999977e-01
9.579999999999999627e-02
9.809000000000001052e-02
9.579999999999999627e-02
9.579999999999999627e-02
1.026700000000000113e-01
9.351000000000000978e-02
8.893000000000000904e-02
1.049599999999999977e-01
1.255700000000000149e-01
1.278600000000000014e-01
1.164099999999999996e-01
1.095399999999999985e-01
1.232800000000000007e-01
1.141199999999999992e-01
1.255700000000000149e-01
1.187000000000000000e-01
1.301499999999999879e-01
1.370200000000000029e-01
1.324400000000000022e-01
1.141199999999999992e-01
1.141199999999999992e-01
9.351000000000000978e-02
9.121999999999999553e-02
8.893000000000000904e-02
1.003799999999999970e-01
1.072500000000000120e-01
1.187000000000000000e-01
1.438900000000000179e-01
1.232800000000000007e-01
1.164099999999999996e-01
1.141199999999999992e-01
9.579999999999999627e-02
8.893000000000000904e-02
9.121999999999999553e-02
1.026700000000000113e-01
1.026700000000000113e-01
9.351000000000000978e-02
8.435000000000000830e-02
9.351000000000000978e-02
9.579999999999999627e-02
8.663999999999999480e-02
8.435000000000000830e-02
8.205999999999999406e-02
7.290000000000000646e-02
7.977000000000000757e-02
8.435000000000000830e-02
7.977000000000000757e-02
6.603000000000000536e-02
6.145000000000000462e-02
4.771000000000000241e-02
5.000000000000000278e-02
5.458000000000000351e-02
5.458000000000000351e-02
4.313000000000000167e-02
5.000000000000000278e-02
5.000000000000000278e-02
5.000000000000000278e-02
5.229000000000000314e-02
3.855000000000000093e-02
3.855000000000000093e-02
3.167999999999999983e-02
3.167999999999999983e-02
2.710000000000000256e-02
3.855000000000000093e-02
4.542000000000000204e-02
3.855000000000000093e-02
7.061000000000000609e-02
7.748000000000000720e-02
7.061000000000000609e-02
6.145000000000000462e-02
5.229000000000000314e-02
4.313000000000000167e-02
3.626000000000000056e-02
3.626000000000000056e-02
3.167999999999999983e-02
2.939000000000000293e-02
3.397000000000000020e-02
2.710000000000000256e-02
2.939000000000000293e-02
2.023000000000000145e-02
8.780000000000003080e-03
1.107000000000000345e-02
2.481000000000000219e-02
2.481000000000000219e-02
2.710000000000000256e-02
3.397000000000000020e-02
4.542000000000000204e-02
4.542000000000000204e-02
4.313000000000000167e-02
3.167999999999999983e-02
4.313000000000000167e-02
4.084000000000000130e-02
2.710000000000000256e-02
3.397000000000000020e-02
3.167999999999999983e-02
2.252000000000000182e-02
2.252000000000000182e-02
2.710000000000000256e-02
2.023000000000000145e-02
6.490000000000002711e-03
-2.669999999999998763e-03
-3.799999999999983946e-04
-3.799999999999983946e-04
-1.183000000000000024e-02
-1.869999999999999440e-02
-3.243999999999999662e-02
-3.014999999999999625e-02
-1.411999999999999367e-02
-1.411999999999999367e-02
-4.959999999999999132e-03
6.490000000000002711e-03
2.481000000000000219e-02
4.771000000000000241e-02
6.145000000000000462e-02
9.809000000000001052e-02
1.278600000000000014e-01
1.576299999999999923e-01
2.011399999999999855e-01
2.583900000000000086e-01
3.110600000000000032e-01
3.591499999999999693e-01
4.026599999999999624e-01
4.461700000000000110e-01
4.850999999999999757e-01
4.919699999999999629e-01
5.194499999999999673e-01
5.583800000000000985e-01
5.675400000000000444e-01
6.064700000000000646e-01
6.087600000000000788e-01
5.950199999999999934e-01
5.950199999999999934e-01
5.469300000000000272e-01
5.400599999999999845e-01
5.400599999999999845e-01
5.560900000000000842e-01
5.629600000000000160e-01
5.560900000000000842e-01
5.217399999999999816e-01
5.148700000000000498e-01
4.965499999999999914e-01
4.805200000000000027e-01
4.461700000000000110e-01
4.118199999999999639e-01
3.912100000000000022e-01
3.774699999999999722e-01
3.454099999999999948e-01
3.041900000000000159e-01
2.423600000000000199e-01
1.896900000000000253e-01
1.553400000000000059e-01
1.255700000000000149e-01
8.663999999999999480e-02
7.519000000000000683e-02
7.290000000000000646e-02
7.061000000000000609e-02
6.145000000000000462e-02
4.313000000000000167e-02
5.000000000000000278e-02
5.229000000000000314e-02
3.855000000000000093e-02
4.084000000000000130e-02
6.145000000000000462e-02
5.000000000000000278e-02
3.626000000000000056e-02
4.084000000000000130e-02
5.000000000000000278e-02
5.687000000000000388e-02
7.290000000000000646e-02
8.435000000000000830e-02
9.121999999999999553e-02
1.049599999999999977e-01
8.663999999999999480e-02
8.435000000000000830e-02
8.205999999999999406e-02
7.519000000000000683e-02
6.374000000000000499e-02
5.000000000000000278e-02
4.542000000000000204e-02
5.458000000000000351e-02
5.458000000000000351e-02
4.313000000000000167e-02
3.626000000000000056e-02
4.313000000000000167e-02
4.771000000000000241e-02
3.855000000000000093e-02
2.252000000000000182e-02
1.794000000000000455e-02
3.167999999999999983e-02
5.229000000000000314e-02
5.916000000000000425e-02
4.771000000000000241e-02
5.229000000000000314e-02
5.229000000000000314e-02
5.687000000000000388e-02
5.229000000000000314e-02
6.603000000000000536e-02
6.374000000000000499e-02
5.458000000000000351e-02
5.458000000000000351e-02
6.374000000000000499e-02
5.229000000000000314e-02
5.000000000000000278e-02
5.687000000000000388e-02
5.916000000000000425e-02
3.167999999999999983e-02
2.939000000000000293e-02
3.167999999999999983e-02
4.084000000000000130e-02
6.145000000000000462e-02
5.916000000000000425e-02
4.084000000000000130e-02
4.084000000000000130e-02
5.458000000000000351e-02
6.832000000000000572e-02
6.603000000000000536e-02
6.832000000000000572e-02
7.977000000000000757e-02
7.061000000000000609e-02
4.771000000000000241e-02
5.000000000000000278e-02
6.603000000000000536e-02
6.145000000000000462e-02
6.145000000000000462e-02
7.290000000000000646e-02
7.290000000000000646e-02
6.832000000000000572e-02
6.603000000000000536e-02
4.084000000000000130e-02
3.626000000000000056e-02
3.626000000000000056e-02
2.939000000000000293e-02
3.397000000000000020e-02
2.710000000000000256e-02
3.167999999999999983e-02
3.626000000000000056e-02
2.481000000000000219e-02
4.313000000000000167e-02
4.313000000000000167e-02
5.916000000000000425e-02
5.000000000000000278e-02
5.458000000000000351e-02
5.229000000000000314e-02
7.061000000000000609e-02
6.603000000000000536e-02
7.061000000000000609e-02
6.374000000000000499e-02
7.519000000000000683e-02
6.374000000000000499e-02
5.458000000000000351e-02
5.916000000000000425e-02
6.145000000000000462e-02
5.916000000000000425e-02
6.374000000000000499e-02
7.290000000000000646e-02
6.832000000000000572e-02
6.145000000000000462e-02
5.458000000000000351e-02
5.687000000000000388e-02
6.145000000000000462e-02
6.374000000000000499e-02
6.374000000000000499e-02
6.832000000000000572e-02
5.229000000000000314e-02
5.229000000000000314e-02
5.916000000000000425e-02
6.145000000000000462e-02
6.374000000000000499e-02
6.603000000000000536e-02
7.290000000000000646e-02
6.832000000000000572e-02
7.519000000000000683e-02
6.603000000000000536e-02
8.435000000000000830e-02
7.290000000000000646e-02
6.832000000000000572e-02
8.663999999999999480e-02
9.809000000000001052e-02
7.519000000000000683e-02
7.290000000000000646e-02
6.145000000000000462e-02
5.687000000000000388e-02
4.771000000000000241e-02
4.542000000000000204e-02
5.916000000000000425e-02
6.374000000000000499e-02
7.061000000000000609e-02
8.435000000000000830e-02
8.435000000000000830e-02
7.977000000000000757e-02
7.061000000000000609e-02
7.519000000000000683e-02
6.832000000000000572e-02
7.061000000000000609e-02
7.519000000000000683e-02
9.579999999999999627e-02
1.072500000000000120e-01
8.663999999999999480e-02
9.121999999999999553e-02
1.003799999999999970e-01
1.049599999999999977e-01
1.026700000000000113e-01
9.579999999999999627e-02
8.205999999999999406e-02
8.435000000000000830e-02
1.026700000000000113e-01
9.351000000000000978e-02
1.003799999999999970e-01
1.049599999999999977e-01
1.003799999999999970e-01
8.205999999999999406e-02
7.519000000000000683e-02
6.374000000000000499e-02
7.519000000000000683e-02
6.603000000000000536e-02
7.519000000000000683e-02
8.205999999999999406e-02
8.205999999999999406e-02
8.663999999999999480e-02
8.435000000000000830e-02
7.977000000000000757e-02
7.519000000000000683e-02
6.603000000000000536e-02
7.290000000000000646e-02
7.290000000000000646e-02
7.519000000000000683e-02
1.003799999999999970e-01
1.141199999999999992e-01
1.118300000000000127e-01
1.118300000000000127e-01
1.026700000000000113e-01
1.003799999999999970e-01
8.893000000000000904e-02
6.603000000000000536e-02
6.145000000000000462e-02
7.519000000000000683e-02
7.748000000000000720e-02
8.435000000000000830e-02
1.026700000000000113e-01
1.049599999999999977e-01
1.049599999999999977e-01
1.003799999999999970e-01
1.072500000000000120e-01
1.049599999999999977e-01
1.141199999999999992e-01
1.232800000000000007e-01
9.809000000000001052e-02
1.187000000000000000e-01
1.118300000000000127e-01
1.049599999999999977e-01
1.049599999999999977e-01
1.026700000000000113e-01
1.003799999999999970e-01
1.255700000000000149e-01
1.393099999999999894e-01
1.393099999999999894e-01
1.278600000000000014e-01
9.809000000000001052e-02
9.809000000000001052e-02
8.893000000000000904e-02
9.351000000000000978e-02
9.579999999999999627e-02
9.579999999999999627e-02
9.579999999999999627e-02
1.003799999999999970e-01
1.209900000000000003e-01
1.393099999999999894e-01
1.461800000000000044e-01
1.484699999999999909e-01
1.484699999999999909e-01
1.645000000000000073e-01
1.645000000000000073e-01
1.553400000000000059e-01
1.530500000000000194e-01
1.507600000000000051e-01
1.530500000000000194e-01
1.347300000000000164e-01
1.370200000000000029e-01
1.324400000000000022e-01
1.347300000000000164e-01
1.095399999999999985e-01
1.072500000000000120e-01
1.095399999999999985e-01
1.118300000000000127e-01
1.141199999999999992e-01
1.232800000000000007e-01
1.438900000000000179e-01
1.393099999999999894e-01
1.484699999999999909e-01
1.530500000000000194e-01
1.690800000000000081e-01
1.874000000000000110e-01
1.942699999999999982e-01
1.759499999999999953e-01
1.484699999999999909e-01
1.370200000000000029e-01
1.370200000000000029e-01
1.438900000000000179e-01
1.416000000000000036e-01
1.347300000000000164e-01
1.187000000000000000e-01
1.095399999999999985e-01
9.809000000000001052e-02
1.003799999999999970e-01
1.118300000000000127e-01
1.049599999999999977e-01
1.141199999999999992e-01
1.026700000000000113e-01
1.141199999999999992e-01
1.370200000000000029e-01
1.416000000000000036e-01
1.324400000000000022e-01
1.209900000000000003e-01
1.187000000000000000e-01
1.255700000000000149e-01
1.164099999999999996e-01
1.003799999999999970e-01
1.026700000000000113e-01
9.121999999999999553e-02
8.893000000000000904e-02
8.663999999999999480e-02
9.809000000000001052e-02
1.003799999999999970e-01
1.026700000000000113e-01
9.579999999999999627e-02
1.003799999999999970e-01
8.663999999999999480e-02
9.121999999999999553e-02
8.663999999999999480e-02
9.809000000000001052e-02
1.049599999999999977e-01
9.579999999999999627e-02
8.893000000000000904e-02
7.519000000000000683e-02
9.121999999999999553e-02
8.205999999999999406e-02
7.519000000000000683e-02
1.003799999999999970e-01
8.893000000000000904e-02
8.435000000000000830e-02
1.003799999999999970e-01
1.049599999999999977e-01
9.351000000000000978e-02
8.893000000000000904e-02
8.205999999999999406e-02
7.977000000000000757e-02
8.205999999999999406e-02
9.121999999999999553e-02
7.977000000000000757e-02
7.519000000000000683e-02
6.832000000000000572e-02
5.458000000000000351e-02
4.084000000000000130e-02
4.084000000000000130e-02
5.000000000000000278e-02
5.000000000000000278e-02
5.000000000000000278e-02
5.458000000000000351e-02
6.603000000000000536e-02
6.374000000000000499e-02
5.687000000000000388e-02
6.145000000000000462e-02
7.519000000000000683e-02
5.000000000000000278e-02
5.458000000000000351e-02
4.084000000000000130e-02
6.603000000000000536e-02
5.916000000000000425e-02
8.205999999999999406e-02
7.290000000000000646e-02
5.458000000000000351e-02
7.519000000000000683e-02
7.061000000000000609e-02
7.290000000000000646e-02
7.748000000000000720e-02
8.893000000000000904e-02
7.519000000000000683e-02
6.832000000000000572e-02
7.519000000000000683e-02
7.290000000000000646e-02
7.977000000000000757e-02
7.290000000000000646e-02
6.374000000000000499e-02
5.458000000000000351e-02
4.771000000000000241e-02
4.084000000000000130e-02
5.458000000000000351e-02
4.542000000000000204e-02
5.687000000000000388e-02
5.458000000000000351e-02
5.687000000000000388e-02
5.687000000000000388e-02
7.061000000000000609e-02
6.832000000000000572e-02
6.832000000000000572e-02
6.832000000000000572e-02
7.290000000000000646e-02
6.145000000000000462e-02
4.771000000000000241e-02
4.771000000000000241e-02
5.229000000000000314e-02
7.290000000000000646e-02
8.205999999999999406e-02
7.977000000000000757e-02
6.832000000000000572e-02
5.229000000000000314e-02
6.145000000000000462e-02
6.374000000000000499e-02
4.313000000000000167e-02
5.000000000000000278e-02
2.481000000000000219e-02
1.794000000000000455e-02
4.542000000000000204e-02
7.519000000000000683e-02
7.977000000000000757e-02
7.977000000000000757e-02
7.519000000000000683e-02
6.145000000000000462e-02
6.832000000000000572e-02
7.290000000000000646e-02
7.290000000000000646e-02
7.290000000000000646e-02
6.603000000000000536e-02
6.832000000000000572e-02
7.290000000000000646e-02
7.290000000000000646e-02
7.977000000000000757e-02
7.290000000000000646e-02
6.374000000000000499e-02
5.458000000000000351e-02
5.916000000000000425e-02
6.374000000000000499e-02
6.145000000000000462e-02
5.229000000000000314e-02
4.542000000000000204e-02
3.167999999999999983e-02
4.313000000000000167e-02
5.000000000000000278e-02
5.458000000000000351e-02
4.771000000000000241e-02
4.084000000000000130e-02
4.313000000000000167e-02
3.855000000000000093e-02
4.084000000000000130e-02
4.313000000000000167e-02
4.771000000000000241e-02
6.374000000000000499e-02
6.374000000000000499e-02
5.916000000000000425e-02
6.374000000000000499e-02
6.374000000000000499e-02
6.374000000000000499e-02
5.000000000000000278e-02
5.916000000000000425e-02
6.145000000000000462e-02
6.603000000000000536e-02
7.748000000000000720e-02
7.519000000000000683e-02
4.542000000000000204e-02
5.000000000000000278e-02
4.084000000000000130e-02
5.916000000000000425e-02
5.458000000000000351e-02
7.519000000000000683e-02
7.748000000000000720e-02
7.290000000000000646e-02
5.000000000000000278e-02
5.916000000000000425e-02
6.145000000000000462e-02
6.832000000000000572e-02
6.832000000000000572e-02
6.603000000000000536e-02
7.977000000000000757e-02
7.061000000000000609e-02
4.542000000000000204e-02
5.229000000000000314e-02
5.229000000000000314e-02
5.229000000000000314e-02
5.687000000000000388e-02
4.313000000000000167e-02
5.229000000000000314e-02
5.229000000000000314e-02
5.000000000000000278e-02
5.000000000000000278e-02
5.229000000000000314e-02
5.687000000000000388e-02
6.603000000000000536e-02
7.977000000000000757e-02
8.205999999999999406e-02
6.374000000000000499e-02
5.916000000000000425e-02
7.748000000000000720e-02
8.205999999999999406e-02
7.290000000000000646e-02
5.458000000000000351e-02
4.542000000000000204e-02
3.626000000000000056e-02
2.252000000000000182e-02
2.939000000000000293e-02
3.626000000000000056e-02
4.771000000000000241e-02
5.000000000000000278e-02
4.313000000000000167e-02
2.252000000000000182e-02
2.710000000000000256e-02
2.710000000000000256e-02
4.313000000000000167e-02
5.000000000000000278e-02
5.000000000000000278e-02
